 9.245741122624620e-01  8.574876286043100e-02  2.877129438687700e-01  6.265382932708000e-01 
 1.042566436020026e-01  1.042566436020026e-01  3.892933924117778e-01  1.231817161250036e-01 
-4.314789924333955e-01  4.933498959876315e-01 -2.911642035969445e-01  1.810825554705292e-01 
 5.178985446356218e-02  5.178985446356218e-02  1.499671381392263e-01  8.987058729109126e-02 
 4.518984000985679e-02  4.518984000985679e-02  3.655365960800432e-01  4.232408050425635e-02 
-5.350188768628940e-01  3.882284364912002e-01 -1.974370120534677e-01  6.453047907423139e-02 
 1.454747477255407e-02  1.454747477255407e-02  2.079304726135118e-02  1.487782470642270e-02 
 7.700788949112707e-02  7.700788949112707e-02  1.836387448690710e-02  3.544635451464380e-01 
 2.432895596370560e-02  2.432895596370560e-02  5.145775978136601e-02  1.669108438830406e-02 
 1.362641622460587e-01  1.362641622460587e-01  1.556953144025836e-02  3.779049284450304e-02 
-7.403099089934023e-01  3.184958263949142e-01 -1.302476968851642e-01  2.959622796125402e-02 
 1.477637829587406e-02  1.477637829587406e-02  7.848710427030170e-03  1.327036774257164e-01 
 8.726556594092071e-03  8.726556594092071e-03  4.842768909048031e-02  1.136228953669463e-02 
 2.112866077563068e-02  2.112866077563068e-02  7.411839761730580e-03  3.515130309905905e-01 
 1.282729908575624e-02  1.282729908575624e-02  1.742474299312111e-02  8.223454665917149e-03 
 7.384130062447007e-02  7.384130062447007e-02  7.582572512379300e-03  2.651410461353078e-02 
 9.386679913917379e-03  9.386679913917379e-03  3.477132786973448e-02  7.328403581296880e-03 
-7.140648506352770e-01  3.196217307292408e-01 -1.316656368510214e-01  1.024518736381746e-02 
 5.107503045891083e-03  5.107503045891083e-03  3.362065448136852e-02  7.188013295116514e-03 
 1.156154505769375e-02  1.156154505769375e-02  4.502527186119195e-03  4.725209571486408e-02 
 8.864532407434520e-03  8.864532407434520e-03  4.725743401141243e-03  7.259492479863046e-02 
 5.372265460448424e-03  5.372265460448424e-03  2.536472039688646e-02  6.586314262087265e-03 
 1.355407127646629e-02  1.355407127646629e-02  4.441351277928004e-03  3.502521986497042e-01 
 6.097135119221143e-03  6.097135119221143e-03  1.623684839319424e-02  4.596423609977717e-03 
 1.312876556408217e-01  1.312876556408217e-01  5.697996302599818e-03  1.996561282544545e-02 
 7.933063094502557e-03  7.933063094502557e-03  4.411179932825468e-03  1.004394121139120e-02 
-6.551731045007839e-01  3.298286840565381e-01 -1.419813471117554e-01  4.894346213457858e-03 
 2.472004197149452e-03  2.472004197149452e-03  2.845804896378570e-03  3.384488891281092e-03 
 3.578890608230160e-03  3.578890608230160e-03  4.381540707760226e-03  1.548938684256209e-02 
 4.748598631674122e-03  4.748598631674122e-03  7.174737492322378e-02  5.184597369665364e-03 
 1.279818555220185e-02  1.279818555220185e-02  2.481471514472173e-03  5.706570136850913e-03 
 1.303049568819145e-01  1.303049568819145e-01  2.500551935542241e-03  1.922188870896997e-02 
 1.079337211241642e-02  1.079337211241642e-02  4.070498864709592e-03  2.529541836892036e-03 
 3.495107918546922e-01  3.495107918546922e-01  2.681439019200542e-03  7.107926900931334e-03 
 4.646569953972695e-02  4.646569953972695e-02  2.568898066542698e-03  8.061631024330287e-03 
 3.286244688464888e-02  3.286244688464888e-02  2.619253475244260e-03  9.260036321170763e-03 
 2.461846538572608e-02  2.461846538572608e-02  2.950959867147192e-03  6.337320049319617e-03 
 3.074015316944754e-03  3.074015316944754e-03  3.217487048615952e-03  2.756513790498370e-03 
-6.576608049720105e-01  3.283593691684084e-01 -1.404975080448568e-01  3.805529719813893e-03 
 2.263873446504803e-03  2.263873446504803e-03  1.396806966273506e-03  2.874096214080187e-03 
 1.405856786430858e-03  1.405856786430858e-03  3.082967237408208e-03  3.922287445663546e-03 
 1.433480445994300e-03  1.433480445994300e-03  1.508985502511977e-02  1.452300237076606e-03 
 4.299540037293374e-03  4.299540037293374e-03  1.474676421856554e-03  7.128613707930451e-02 
 1.500817396882159e-03  1.500817396882159e-03  4.744800792404933e-03  1.239756641917538e-02 
 1.698486544452855e-03  1.698486544452855e-03  5.275134958587701e-03  1.297655017833546e-01 
 1.754329508563495e-03  1.754329508563495e-03  1.882152472414553e-02  1.039021150600575e-02 
 3.600074660496816e-03  3.600074660496816e-03  1.530972551686858e-03  3.490549853839776e-01 
 3.322903844895304e-03  3.322903844895304e-03  6.690572174716599e-03  1.565437511457520e-03 
 4.603762606912074e-02  4.603762606912074e-02  1.887080972842806e-03  7.649980453576852e-03 
 1.604560571449509e-03  1.604560571449509e-03  3.245045171225396e-02  1.965669974385304e-03 
 8.853146753713483e-03  8.853146753713483e-03  2.421450066631322e-02  2.389190339801504e-03 
 5.913364519720735e-03  5.913364519720735e-03  2.530806273930749e-03  1.418045398325408e-03 
 2.691365777559749e-03  2.691365777559749e-03  1.390816912287954e-03  2.053776804223216e-03 
 1.387834738590928e-03  1.387834738590928e-03  1.648750573442188e-03  2.152673169773036e-03 
-6.637857547745568e-01  3.265004113646613e-01 -1.386521871511077e-01  1.816937001325805e-03 
 1.497462268771500e-03  1.497462268771500e-03  8.016352455861625e-04  1.134428570591172e-02 
 9.107244117098982e-04  9.107244117098982e-04  4.209062910423610e-03  1.115182220312366e-03 
 2.278506030972934e-03  2.278506030972934e-03  7.536034930991046e-04  1.220779831587775e-01 
 8.718837367637042e-04  8.718837367637042e-04  5.300278416578640e-03  1.200547418986776e-03 
 1.989485460853075e-03  1.989485460853075e-03  7.621317815369420e-04  4.279900105852680e-02 
 1.361585867641604e-03  1.361585867641604e-03  1.663462555411732e-03  8.255956252741248e-04 
 8.041038269364196e-03  8.041038269364196e-03  7.825383597586035e-04  1.733501096812087e-02 
 9.570875386251864e-04  9.570875386251864e-04  3.439141925532424e-03  1.043622477050726e-03 
 2.649703125972344e-03  2.649703125972344e-03  7.489205255105934e-04  3.663467233197790e-01 
 8.549622570811375e-04  8.549622570811375e-04  4.704548039083622e-03  1.155963691837909e-03 
 1.868538294053988e-03  1.868538294053988e-03  7.573780373303584e-04  3.006933585815754e-02 
 1.302844396906396e-03  1.302844396906396e-03  1.576206717853303e-03  8.129768269505178e-04 
 6.919669611338770e-03  6.919669611338770e-03  7.746793699320062e-04  1.385421077615084e-02 
 9.328931714716148e-04  9.328931714716148e-04  3.136728923895398e-03  1.012249102774941e-03 
 2.452066725852897e-03  2.452066725852897e-03  7.479885938962553e-04  6.654408106210975e-02 
 8.904320252826596e-04  8.904320252826596e-04  3.792559920683190e-03  1.249348534492854e-03 
 2.125317026738749e-03  2.125317026738749e-03  7.678889941591767e-04  2.236984568081352e-02 
 1.426211069499304e-03  1.426211069499304e-03  1.760431216809798e-03  8.395635973886352e-04 
 6.025220837783022e-03  6.025220837783022e-03  7.915075709375068e-04  9.473449290746352e-03 
 1.077840803925363e-03  1.077840803925363e-03  2.876007491770444e-03  7.507890407502578e-04 
-7.025868366046315e-01  3.410573174186340e-01 -1.408407318719962e-01  9.834760180518671e-04 
 3.602252890687476e-04  3.602252890687476e-04  2.053141684033504e-03  4.831209951340756e-04 
 8.380603820115802e-04  8.380603820115802e-04  3.111037886540830e-04  2.057135989638816e-02 
 5.687593269538123e-04  5.687593269538123e-04  6.644986450860436e-04  3.356309293764894e-04 
 3.663093727840670e-04  3.663093727840670e-04  2.783006991234028e-03  5.137328896150039e-04 
 8.829983161130827e-04  8.829983161130827e-04  3.146625430082048e-04  1.176114948662877e-02 
 5.899945657034291e-04  5.899945657034291e-04  7.251651912695405e-04  3.443798208440408e-04 
 3.525769387698612e-03  3.525769387698612e-03  3.219448100672548e-04  6.371551060177030e-03 
 3.872985816371484e-04  3.872985816371484e-04  1.468179847166060e-03  4.332912305927524e-04 
 1.046913570305507e-03  1.046913570305507e-03  3.069038328618102e-04  8.676048193961264e-02 
 5.393647957387747e-03  5.393647957387747e-03  3.249207644000284e-04  9.370103401532335e-03 
 4.038633059540496e-04  4.038633059540496e-04  1.875584086669360e-03  4.445014352820028e-04 
 1.270617970958242e-03  1.270617970958242e-03  3.075985493257752e-04  2.947128668608194e-02 
 6.129127967380504e-04  6.129127967380504e-04  3.281863544835643e-04  4.628932190009235e-03 
 3.728320056096484e-04  3.728320056096484e-04  1.721383865094658e-03  4.565007875900184e-04 
 9.323756157185433e-04  9.323756157185433e-04  3.085281054284440e-04  4.630801535879760e-02 
 3.545562738952262e-04  3.545562738952262e-04  2.259014678545103e-03  4.978866383126903e-04 
 7.970559006761336e-04  7.970559006761336e-04  5.490570182311138e-04  6.935763377230479e-04 
 3.127578179191516e-04  3.127578179191516e-04  1.523284967991621e-02  3.398351883455558e-04 
 3.120231281205192e-03  3.120231281205192e-03  3.192487615768242e-04  7.650648974430584e-03 
 3.953019564372914e-04  3.953019564372914e-04  1.363527979037656e-03  4.228143427761484e-04 
 1.113584996470221e-03  1.113584996470221e-03  3.064418510275818e-04  4.441014793556532e-01 
 3.492809420252234e-04  3.492809420252234e-04  2.499554821215150e-03  4.693511141335305e-04 
 7.595495666968666e-04  7.595495666968666e-04  3.168239173466168e-04  4.019457444625864e-03 
 5.307544056836153e-04  5.307544056836153e-04  6.376835005816956e-04  3.317524080451016e-04 
 1.586624743617795e-03  1.586624743617795e-03  3.798189696643980e-04  9.867829884641075e-04 
 3.096953289201503e-04  3.096953289201503e-04  1.187767235014202e-03  3.062112079598173e-04 
-4.595292409547097e-01  5.537618913875574e-01 -2.982973149029844e-01  4.130202781675714e-04 
 1.300979717625048e-04  1.300979717625048e-04  7.233069985422061e-04  1.479865979466228e-04 
 4.325905695142040e-04  4.325905695142040e-04  1.118913719696372e-04  7.585567260231847e-03 
 1.161063343045094e-04  1.161063343045094e-04  2.191575521772395e-03  1.567383447080588e-04 
 3.718918170158877e-04  3.718918170158877e-04  1.205361090670254e-04  1.293982340612670e-03 
 2.370803631413284e-04  2.370803631413284e-04  1.388585518045632e-04  5.354856462012968e-04 
 2.061424702090348e-04  2.061424702090348e-04  1.106817938650610e-04  2.939862772511351e-02 
 2.205316668063107e-04  2.205316668063107e-04  1.181459936611318e-04  1.652950036594520e-03 
 1.342074954405650e-04  1.342074954405650e-04  6.180865016739393e-04  1.643005259557435e-04 
 3.352779765046980e-04  3.352779765046980e-04  1.110729852040027e-04  1.516714664210126e-02 
 1.276330323761358e-04  1.276330323761358e-04  8.103090623879464e-04  1.791822232033586e-04 
 2.866899751783916e-04  2.866899751783916e-04  1.125948734121003e-04  5.328164964739980e-03 
 1.521857067779652e-04  1.521857067779652e-04  4.003043817587651e-04  1.149303257924375e-04 
 2.716175522656955e-03  2.716175522656955e-03  1.422901581051835e-04  4.899227193665029e-04 
 1.223369806032192e-04  1.223369806032192e-04  1.117406689032896e-03  1.975790859531569e-04 
 2.495178271696324e-04  2.495178271696324e-04  1.103223234115986e-04  4.621346400269236e-02 
 1.288392090552591e-04  1.288392090552591e-04  7.648510145779159e-04  1.759521226738778e-04 
 2.953654408369954e-04  2.953654408369954e-04  1.122270952009704e-04  6.306291044327727e-03 
 1.544159445083552e-04  1.544159445083552e-04  3.856535572687610e-04  1.155004409094379e-04 
 2.432424549003238e-03  2.432424549003238e-03  1.405396089644810e-04  5.118749472635047e-04 
 1.214150913210891e-04  1.214150913210891e-04  1.200672646554655e-03  2.017653111614368e-04 
 2.431468972385023e-04  2.431468972385023e-04  1.104120448884408e-04  8.667516963670382e-02 
 1.327802415082384e-04  1.327802415082384e-04  6.502766499608423e-04  1.670349237499396e-04 
 3.244400365212383e-04  3.244400365212383e-04  1.113146353560780e-04  1.169603413901868e-02 
 2.257889771491832e-04  2.257889771491832e-04  1.189025598809207e-04  1.517834231694204e-03 
 2.155136066576732e-04  2.155136066576732e-04  1.174283304930101e-04  1.807493902559267e-03 
 1.356948411014018e-04  1.356948411014018e-04  5.883857080272527e-04  1.616761741067229e-04 
 3.467639370112126e-04  3.467639370112126e-04  1.102625631020175e-04  2.050372318892889e-02 
 1.264778138423625e-04  1.264778138423625e-04  8.601876168349558e-04  1.825520166041481e-04 
 2.784656473621648e-04  2.784656473621648e-04  1.129951170496302e-04  4.563202656757644e-03 
 2.562128709546526e-04  2.562128709546526e-04  1.233029345562954e-04  1.042793125539889e-03 
 1.143953290968708e-04  1.143953290968708e-04  3.053689202336192e-03  1.441129024472512e-04 
 4.694781542091936e-04  4.694781542091936e-04  1.935737268930150e-04  1.500437960573724e-04 
 4.159214629811822e-04  4.159214629811822e-04  1.108621149877430e-04  4.439828224987684e-01 
 1.314110422564394e-04  1.314110422564394e-04  6.852411356133314e-04  1.860686704835823e-04 
 2.706625914249481e-04  2.706625914249481e-04  1.134282750606420e-04  3.953467060562924e-03 
 1.167487125030652e-04  1.167487125030652e-04  1.985382810604559e-03  1.591569794186695e-04 
 3.589495713626626e-04  3.589495713626626e-04  1.243141796164223e-04  9.756737148526784e-04 
 1.460107047877242e-04  1.460107047877242e-04  4.504072408797582e-04  1.105318249567443e-04 
 9.305108217882649e-03  9.305108217882649e-03  2.107213670342112e-04  1.253720144824314e-04 
 9.150779394173306e-04  9.150779394173306e-04  2.313000070835802e-04  1.698845695088106e-04 
 3.142031705565816e-04  3.142031705565816e-04  1.102326991347965e-04  3.459507712468638e-03 
 1.372444333085824e-04  1.372444333085824e-04  5.609250137857607e-04  1.897398437653978e-04 
 2.632533968883294e-04  2.632533968883294e-04  1.196989417613488e-04  1.399018943806244e-03 
 1.138948359758609e-04  1.138948359758609e-04  3.045246339149248e-04  1.115873307883615e-04 
-4.760906730816906e-01  5.431696227154399e-01 -2.877420590063439e-01  1.728550020493715e-04 
 8.794603386687293e-05  8.794603386687293e-05  1.559841060693178e-04  6.645585617088351e-05 
 3.657659216717562e-04  3.657659216717562e-04  5.639304508059442e-05  3.934735221765134e-03 
 1.347849952295428e-04  1.347849952295428e-04  6.142308606226574e-05  6.661893561026761e-04 
 1.054668600601382e-04  1.054668600601382e-04  5.927180544859897e-05  1.098680337850833e-03 
 7.071001772514381e-05  7.071001772514381e-05  2.747790909914622e-04  7.461855624800195e-05 
 1.886652725419461e-04  1.886652725419461e-04  5.644767750830879e-05  1.514703871410358e-02 
 8.479417947822094e-05  8.479417947822094e-05  1.669934028989259e-04  6.793473813586763e-05 
 3.266313227220002e-04  3.266313227220002e-04  5.674548854559881e-05  6.287282677721673e-03 
 1.106368401950715e-04  1.106368401950715e-04  6.053995731181062e-05  7.913976625843851e-04 
 1.143781572478465e-04  1.143781572478465e-04  6.000295999830059e-05  8.962483030328786e-04 
 6.899633034686719e-05  6.899633034686719e-05  3.041328611869304e-04  8.284258584704493e-05 
 1.751178732564210e-04  1.751178732564210e-04  5.658065044245652e-05  9.285720823459838e-03 
 6.468137427324778e-05  6.468137427324778e-05  4.308155322950510e-04  9.261260660914519e-05 
 1.431875236770320e-04  1.431875236770320e-04  5.757936051594736e-05  2.413816096453975e-03 
 9.930547940897894e-05  9.930547940897894e-05  1.296752264585964e-04  6.275338091083291e-05 
 5.416548200909192e-04  5.416548200909192e-04  5.842966551264406e-05  1.499203227632296e-03 
 7.323983531898397e-05  7.323983531898397e-05  2.422612758651356e-04  7.684141711636654e-05 
 2.097437725855342e-04  2.097437725855342e-04  5.625288509274553e-05  2.048301765309298e-02 
 9.020914763643894e-05  9.020914763643894e-05  1.493391786229736e-04  6.554149429275607e-05 
 3.961861287168930e-04  3.961861287168930e-04  5.729959745091044e-05  3.035041907808402e-03 
 1.022883561329008e-04  1.022883561329008e-04  1.249183946724889e-04  6.206573381626393e-05 
 5.989298808691080e-04  5.989298808691080e-04  5.883221466827894e-05  1.275310400484650e-03 
 7.193836788723518e-05  7.193836788723518e-05  2.576813057629360e-04  7.843378028023659e-05 
 1.987311001382434e-04  1.987311001382434e-04  5.630733649577963e-05  4.619111642398583e-02 
 1.124763955756592e-04  1.124763955756592e-04  6.026639769285611e-05  8.413183246610148e-04 
 6.845771781688004e-05  6.845771781688004e-05  3.150592204659011e-04  8.380407140692748e-05 
 1.709714508940318e-04  1.709714508940318e-04  5.665906501426691e-05  7.566397972122756e-03 
 6.510480557593150e-05  6.510480557593150e-05  4.129281267273862e-04  9.139271207113828e-05 
 1.462047251430903e-04  1.462047251430903e-04  5.743525528477778e-05  2.697552273731426e-03 
 7.762611102681718e-05  7.762611102681718e-05  2.041119533398660e-04  5.862637134354665e-05 
 1.380369292929180e-03  1.380369292929180e-03  7.257971136921318e-05  2.497756000560482e-04 
 6.240382512391533e-05  6.240382512391533e-05  5.691733826928257e-04  1.007734014166686e-04 
 1.272546822394078e-04  1.272546822394078e-04  5.627621280667196e-05  8.665955106287616e-02 
 6.173889013943212e-05  6.173889013943212e-05  6.311735522739983e-04  1.038521938386863e-04 
 1.226626631810164e-04  1.226626631810164e-04  5.904731686728005e-05  1.181975061792600e-03 
 6.599174040940792e-05  6.599174040940792e-05  3.804939876683146e-04  8.906065524080525e-05 
 1.525968531033595e-04  1.525968531033595e-04  5.717230974591810e-05  3.440825120605058e-03 
 7.131529866360054e-05  7.131529866360054e-05  2.660058367917730e-04  7.926513114741066e-05 
 1.935866985995343e-04  1.935866985995343e-04  5.634627339372908e-05  2.937709118909205e-02 
 6.082380692150844e-05  6.082380692150844e-05  7.458951270439268e-04  1.088569720659201e-04 
 5.974948342390019e-05  5.974948342390019e-05  9.568811950877288e-04  1.163447819683455e-04 
 6.742700987040936e-05  6.742700987040936e-05  3.389008440021692e-04  8.581386747399124e-05 
 1.631749068467616e-04  1.631749068467616e-04  5.683996941383108e-05  5.309276516506640e-03 
 6.955097277938596e-05  6.955097277938596e-05  2.938052740290110e-04  8.190880691002491e-05 
 1.794421148111645e-04  1.794421148111645e-04  5.623734044645920e-05  1.167634665834735e-02 
 6.427091219301584e-05  6.427091219301584e-05  4.499550311805648e-04  9.387014957107914e-05 
 1.402819656449207e-04  1.402819656449207e-04  5.773199552171135e-05  2.172974126167264e-03 
 9.788282959394230e-05  9.788282959394230e-05  1.321839464002566e-04  6.311462715182011e-05 
 5.161554327051546e-04  5.161554327051546e-04  5.824198176735158e-05  1.634333682182328e-03 
 7.391926710804335e-05  7.391926710804335e-05  2.351131056298787e-04  7.607902158886092e-05 
 2.156422078856028e-04  2.156422078856028e-04  5.651020103131087e-05  4.439592935638661e-01 
 8.012090066203704e-05  8.012090066203704e-05  3.519247427973640e-04  8.686413653407661e-05 
 1.595077141859470e-04  1.595077141859470e-04  5.950581421224924e-05  1.024035077128965e-03 
 1.071344014445986e-04  1.071344014445986e-04  6.111812207724783e-05  7.043043018724323e-04 
 1.183790732789484e-04  1.183790732789484e-04  5.789324788946512e-05  1.966781886872593e-03 
 7.012205845840767e-05  7.012205845840767e-05  2.840336883698481e-04  8.100185815976544e-05 
 2.283078667002492e-04  2.283078667002492e-04  5.694256063267605e-05  4.544403922678898e-03 
 6.387314249555420e-05  6.387314249555420e-05  4.704660392145826e-04  1.204839912812346e-04 
 5.622957027120577e-05  5.622957027120577e-05  4.924825703519851e-04  5.806321052489571e-05 
 1.788887759333359e-03  1.788887759333359e-03  7.533827542425808e-05  2.218241531500721e-04 
 9.650377610676052e-05  9.650377610676052e-05  1.374827771253620e-04  6.348779927329075e-05 
 9.516672295803058e-05  9.516672295803058e-05  1.839542961703630e-04  5.705331991573311e-05 
-4.557755622772656e-01  5.559513892316170e-01 -3.005291574163789e-01  6.693416657141503e-05 
 5.504488643590832e-05  5.504488643590832e-05  1.092452164838412e-04  4.429224347206896e-05 
 2.108195280881255e-04  2.108195280881255e-04  3.692223234269245e-05  4.224171904214737e-03 
 7.227005153967326e-05  7.227005153967326e-05  3.936461690008713e-05  5.215983439125583e-04 
 7.826090912267925e-05  7.826090912267925e-05  3.909279824871155e-05  5.745314348144571e-04 
 4.482958803162468e-05  4.482958803162468e-05  1.994410066993939e-04  5.405710234770547e-05 
 1.133561438192831e-04  1.133561438192831e-04  3.683879316126136e-05  5.701934721970636e-03 
 4.216061339680956e-05  4.216061339680956e-05  2.776320422378112e-04  6.009934989031177e-05 
 9.361897176293806e-05  9.361897176293806e-05  3.745657894884430e-05  1.604822151330404e-03 
 4.135077089263051e-05  4.135077089263051e-05  3.562056135402218e-04  6.484311882132167e-05 
 8.404156632996029e-05  8.404156632996029e-05  3.805924729162978e-05  9.561305803292006e-04 
 4.757357215419041e-05  4.757357215419041e-05  1.448120678452367e-04  5.012627473849276e-05 
 1.356650871716872e-04  1.356650871716872e-04  3.661751459891682e-05  1.254267112763761e-02 
 4.259598400289632e-05  4.259598400289632e-05  2.601241457934862e-04  9.673192833351291e-05 
 5.888288881258774e-05  5.888288881258774e-05  3.731496642269455e-05  1.916438684298706e-03 
 6.635279239255486e-05  6.635279239255486e-05  8.163428584704902e-05  4.044603892379449e-05 
 3.851473207983933e-04  3.851473207983933e-04  3.826301176413096e-05  8.433083094616819e-04 
 4.691481947162235e-05  4.691481947162235e-05  1.665144742086401e-04  5.093225390121201e-05 
 1.587141220861097e-04  1.587141220861097e-04  3.664507731863910e-05  3.152569150343255e-02 
 7.135927326115541e-05  7.135927326115541e-05  3.950655489279684e-05  4.978955987682794e-04 
 7.514776788921561e-05  7.514776788921561e-05  3.896281690888023e-05  6.041521068655352e-04 
 5.555597058299125e-05  5.555597058299125e-05  1.072864085610587e-04  4.403268530403327e-05 
 2.169052609868002e-04  2.169052609868002e-04  3.696869638359214e-05  3.693083186896708e-03 
 4.510761273509864e-05  4.510761273509864e-05  1.941180937475077e-04  5.357982905140132e-05 
 1.155138494662829e-04  1.155138494662829e-04  3.680178979967663e-05  6.753169256443980e-03 
 4.027870620964557e-05  4.027870620964557e-05  4.010113419064815e-04  6.713596084591072e-05 
 8.047924519267270e-05  8.047924519267270e-05  3.837032713774094e-05  7.943435310871155e-04 
 5.829572184491857e-05  5.829572184491857e-05  9.835943093861399e-05  4.282158958602363e-05 
 2.520158949537167e-04  2.520158949537167e-04  3.724912501757504e-05  2.107790720693518e-03 
 4.659637730386342e-05  4.659637730386342e-05  1.706538662932098e-04  5.134902517945974e-05 
 1.274511373159693e-04  1.274511373159693e-04  3.666346783595684e-05  2.199342476851762e-02 
 6.072943249086339e-05  6.072943249086339e-05  9.212997645077738e-05  4.195066831875850e-05 
 2.870933871908120e-04  2.870933871908120e-04  3.753239894488218e-05  1.476984590471236e-03 
 6.411550873785709e-05  6.411550873785709e-05  8.529613729514261e-05  4.097498662621636e-05 
 3.429853659735709e-04  3.429853659735709e-04  3.796272569982839e-05  1.021369951766109e-03 
 4.791419904307259e-05  4.791419904307259e-05  1.550370672099634e-04  4.973664346492274e-05 
 1.386037864123940e-04  1.386037864123940e-04  3.660833316913970e-05  9.261699273371271e-02 
 7.320453763193613e-05  7.320453763193613e-05  3.922671508775802e-05  5.470825939916275e-04 
 4.455783861854799e-05  4.455783861854799e-05  2.050033168755995e-04  3.712725874910762e-05 
 1.112675551949878e-04  1.112675551949878e-04  3.687893615462059e-05  4.879667999248135e-03 
 4.568299138666616e-05  4.568299138666616e-05  1.841374708247398e-04  5.265715837824586e-05 
 1.200488795399815e-04  1.200488795399815e-04  3.673715310303858e-05  9.975035162365774e-03 
 4.237568908151039e-05  4.237568908151039e-05  2.686530183277921e-04  5.948396913459748e-05 
 9.515237978601810e-05  9.515237978601810e-05  3.738410978985017e-05  1.750186076072267e-03 
 6.558869944011182e-05  6.558869944011182e-05  8.282134636627790e-05  4.061781840182476e-05 
 3.702370402814382e-04  3.702370402814382e-04  3.815933080163672e-05  8.970253677075746e-04 
 4.724049920016471e-05  4.724049920016471e-05  1.625373296906887e-04  5.052474214760933e-05 
 1.328298647174617e-04  1.328298647174617e-04  3.662976128248310e-05  4.952351631974806e-02 
 4.305260016522281e-05  4.305260016522281e-05  2.443011203004306e-04  5.772209489444448e-05 
 1.000367919999114e-04  1.000367919999114e-04  3.718656294308991e-05  2.329572447998828e-03 
 6.793879032924332e-05  6.793879032924332e-05  7.935513412461712e-05  4.011575569160434e-05 
 4.179121453563741e-04  4.179121453563741e-04  3.848131532636222e-05  7.495863271052793e-04 
 4.628502187832211e-05  4.628502187832211e-05  1.749643863660736e-04  5.177527841466142e-05 
 1.248989325288637e-04  1.248989325288637e-04  3.668493899766612e-05  1.626862050402312e-02 
 7.047145852669208e-05  7.047145852669208e-05  7.615816295480343e-05  3.965258204305326e-05 
 4.758121248409726e-04  4.758121248409726e-04  3.883672327845527e-05  6.361799349950915e-04 
 4.377905042110208e-05  4.377905042110208e-05  2.232773578738844e-04  5.607891525045685e-05 
 1.053885512336835e-04  1.053885512336835e-04  3.701834403132837e-05  3.256719166186031e-03 
 4.539203757782357e-05  4.539203757782357e-05  1.890210965754343e-04  5.311326876394782e-05 
 1.177436969955930e-04  1.177436969955930e-04  3.676791358455880e-05  8.127794573951247e-03 
 4.174576794795094e-05  4.174576794795094e-05  2.970721512681821e-04  6.137463332297722e-05 
 9.068374695005376e-05  9.068374695005376e-05  3.761159605944600e-05  1.363962099379777e-03 
 6.340534779308404e-05  6.340534779308404e-05  8.658630565214631e-05  4.116051534479206e-05 
 3.305150172488899e-04  3.305150172488899e-04  3.786973188242333e-05  1.093623347385940e-03 
 4.826254580211303e-05  4.826254580211303e-05  1.514988678232561e-04  5.221124355673544e-05 
 1.416509978019536e-04  1.416509978019536e-04  3.660221392123866e-05  4.310845089425981e-01 
 5.716164781433459e-05  5.716164781433459e-05  1.017660122774009e-04  4.328911304194389e-05 
 2.369548331478082e-04  2.369548331478082e-04  3.707119215616466e-05  2.588611720987856e-03 
 8.927871278192714e-05  8.927871278192714e-05  6.876188980749086e-05  3.995712483669767e-05 
 4.359420175646586e-04  4.359420175646586e-04  3.859601622213564e-05  7.085679044585418e-04 
 4.598060709593728e-05  4.598060709593728e-05  1.794555321393101e-04  4.898308986376673e-05 
 1.224327698439713e-04  1.224327698439713e-04  3.769419783037499e-05  1.263548642837078e-03 
 3.980275314380862e-05  3.980275314380862e-05  4.552037531694039e-04  6.960589278879420e-05 
 7.719557105644164e-05  7.719557105644164e-05  3.871447122565134e-05  6.708830251767363e-04 
 4.353122860865349e-05  4.353122860865349e-05  2.299539991878212e-04  5.661403306777080e-05 
 1.035491948124340e-04  1.035491948124340e-04  3.670949800520784e-05  2.893770303001515e-03 
 4.861878376388114e-05  4.861878376388114e-05  1.480926775475482e-04  6.271213409554816e-05 
 8.791337568011040e-05  8.791337568011040e-05  4.154582903342409e-05  3.187389695930811e-04 
 3.778023306760451e-05  3.778023306760451e-05  1.173934418527931e-03  6.203538441047341e-05 
 3.076066868452308e-04  3.076066868452308e-04  7.416350700558487e-05  1.300933733559615e-04 
 3.659915480866700e-05  3.659915480866700e-05  5.454536089831765e-05  4.935564684026530e-05 
-4.536387249532463e-01  5.327931573812182e-01 -2.863946581515635e-01  4.079411134704804e-05 
 2.854939231264389e-05  2.854939231264389e-05  6.395210936050434e-05  2.051785507702231e-05 
 5.192983657517473e-04  5.192983657517473e-04  2.453709186636645e-05  1.009174410957348e-04 
 2.201130479865847e-05  2.201130479865847e-05  1.911126917488530e-04  3.491779138465434e-05 
 4.540290894573798e-05  4.540290894573798e-05  1.982169078787312e-05  4.675003044911219e-03 
 2.567778799291618e-05  2.567778799291618e-05  8.532749792941040e-05  2.141378101648924e-05 
 2.522185292731416e-04  2.522185292731416e-04  3.245142945627677e-05  5.038181206330221e-05 
 1.997363804031099e-05  1.997363804031099e-05  1.673041031667479e-03  2.700505422077120e-05 
 7.334814066832329e-05  7.334814066832329e-05  2.091875954309112e-05  3.496830547243688e-04 
 3.034888539262456e-05  3.034888539262456e-05  5.645387202965999e-05  2.020448595755236e-05 
 8.548820219728689e-04  8.548820219728689e-04  2.355839650054794e-05  1.217136553896909e-04 
 2.272183313047774e-05  2.272183313047774e-05  1.503040207111383e-04  3.782585931086922e-05 
 4.127664462817298e-05  4.127664462817298e-05  1.974629500149606e-05  4.762481045181510e-02 
 2.749400836943466e-05  2.749400836943466e-05  6.996845413363466e-05  2.077502684646142e-05 
 3.954133908703511e-04  3.954133908703511e-04  2.971797853369174e-05  5.877494732055006e-05 
 2.029955580276558e-05  2.029955580276558e-05  7.134956235495635e-04  2.527814796849340e-05 
 9.005880719852324e-05  9.005880719852324e-05  2.160109487553139e-05  2.288452406575260e-04 
 3.322968059810997e-05  3.322968059810997e-05  4.861416174116007e-05  1.991436345914009e-05 
 2.228708701482198e-03  2.228708701482198e-03  2.386794010935285e-05  1.140704806409944e-04 
 2.247168724990004e-05  2.247168724990004e-05  1.622514229624652e-04  3.680174637706332e-05 
 4.256932689326857e-05  4.256932689326857e-05  1.976301652904962e-05  1.561203063451092e-02 
 2.654015737880450e-05  2.654015737880450e-05  7.701214865746648e-05  2.107293492156357e-05 
 3.115769717259390e-04  3.115769717259390e-04  3.101335989061020e-05  5.429014967269275e-05 
 2.011857371932694e-05  2.011857371932694e-05  1.043408875341346e-03  2.419392786277494e-05 
 1.071692960215918e-04  1.071692960215918e-04  2.223500461256568e-05  1.757597481708787e-04 
 3.583362589366815e-05  3.583362589366815e-05  4.394258643733910e-05  1.978813424166864e-05 
 7.792331902620007e-03  7.792331902620007e-03  2.489821758432978e-05  9.523629672676909e-05 
 2.180014037073642e-05  2.180014037073642e-05  2.086615007631790e-04  3.405084772151086e-05 
 4.695745804197193e-05  4.695745804197193e-05  1.986374327159400e-05  3.118002553877718e-03 
 2.609810963864186e-05  2.609810963864186e-05  8.099287864400658e-05  2.123783898272738e-05 
 2.794900573031592e-04  2.794900573031592e-04  3.171346342409830e-05  5.227018014573681e-05 
 2.004166894529176e-05  2.004166894529176e-05  1.302653253130018e-03  2.800832058428110e-05 
 6.684474030911918e-05  6.684474030911918e-05  2.064147295859748e-05  4.509463765114682e-04 
 2.911873469281630e-05  2.911873469281630e-05  6.126863629398420e-05  2.040395050934914e-05 
 6.047427249358356e-04  6.047427249358356e-04  2.326461452656810e-05  1.302086423226916e-04 
 2.298595784140845e-05  2.298595784140845e-05  1.396863855598545e-04  3.891001700544618e-05 
 4.005865665173498e-05  4.005865665173498e-05  1.974258166862778e-05  8.891921904368920e-02 
 2.540912478004451e-05  2.540912478004451e-05  8.843472319843332e-05  2.153737172612036e-05 
 2.362505573914286e-04  2.362505573914286e-04  3.296562953781371e-05  4.919058993052970e-05 
 1.993315533691752e-05  1.993315533691752e-05  2.016000558169837e-03  2.732827231549935e-05 
 7.106525136178148e-05  7.106525136178148e-05  2.082179417909269e-05  3.792025374418422e-04 
 2.992467172057884e-05  2.992467172057884e-05  5.798286660460991e-05  2.026683837686716e-05 
 7.564156416098478e-04  7.564156416098478e-04  2.430636973929888e-05  1.050173417816384e-04 
 2.215901822636955e-05  2.215901822636955e-05  1.806566513351597e-04  3.552271192937976e-05 
 4.441934791292662e-05  4.441934791292662e-05  1.979837958814266e-05  6.472868964056924e-03 
 2.669252635982589e-05  2.669252635982589e-05  7.575731199074937e-05  2.102036564396927e-05 
 3.235405491587992e-04  3.235405491587992e-04  3.078801479336957e-05  5.499477801229046e-05 
 2.014620323386758e-05  2.014620323386758e-05  9.741216171055970e-04  2.376296646961465e-05 
 1.165307259924030e-04  1.165307259924030e-04  2.255354857872450e-05  1.581078941528752e-04 
 3.713670332761178e-05  3.713670332761178e-05  4.212978202468662e-05  1.975651147000684e-05 
 2.111621489849421e-02  2.111621489849421e-02  2.595564154722690e-05  8.239644225017478e-05 
 2.129524391762934e-05  2.129524391762934e-05  2.699148191260962e-04  3.195512958833712e-05 
 5.162666369478089e-05  5.162666369478089e-05  2.001801212202455e-05  1.411039637077915e-03 
 2.477579579571362e-05  2.477579579571362e-05  9.707095281092765e-05  2.186916201648878e-05 
 2.025428832074265e-04  2.025428832074265e-04  3.433459433490981e-05  4.642833276575716e-05 
 1.984877765826999e-05  1.984877765826999e-05  3.536595766607164e-03  2.818563227211816e-05 
 6.585599355623209e-05  6.585599355623209e-05  2.059917439958627e-05  4.721260125077478e-04 
 2.892571462762092e-05  2.892571462762092e-05  6.214113188896829e-05  2.044085238718792e-05 
 5.740284523167527e-04  5.740284523167527e-04  2.336083075337178e-05  1.272747360373466e-04 
 2.289632972349478e-05  2.289632972349478e-05  1.430903119882924e-04  2.581554721843980e-05 
 8.384078838081793e-05  8.384078838081793e-05  2.135388714249066e-05  2.608355278136665e-04 
 3.220108838311426e-05  3.220108838311426e-05  5.099734182177761e-05  1.999533660427757e-05 
 1.533635221452478e-03  1.533635221452478e-03  2.502272827030977e-05  9.345752384129992e-05 
 2.173246503325741e-05  2.173246503325741e-05  2.150719485912417e-04  3.377218530504890e-05 
 4.749792673493065e-05  4.749792673493065e-05  1.987966072924208e-05  2.769856585202598e-03 
 2.783398127395672e-05  2.783398127395672e-05  6.785913862031401e-05  2.068487535288822e-05 
 4.311809975149026e-04  4.311809975149026e-04  2.931507606773188e-05  6.041720974299877e-05 
 2.036810513094914e-05  2.036810513094914e-05  6.380221452089648e-04  2.408339401971605e-05 
 1.093932831160238e-04  1.093932831160238e-04  2.231243326343716e-05  1.710672521125244e-04 
 3.615034685234670e-05  3.615034685234670e-05  4.347549305662360e-05  1.977882642445252e-05 
 9.565881508594269e-03  9.565881508594269e-03  2.684747706778030e-05  7.453637502627767e-05 
 2.096897738042850e-05  2.096897738042850e-05  3.362229901262604e-04  3.854169394789898e-05 
 4.045669366319275e-05  4.045669366319275e-05  1.973979727999000e-05  4.386222444610512e-01 
 3.056654872244681e-05  3.056654872244681e-05  5.571585118489064e-05  2.017483879376742e-05 
 9.115606298064600e-04  9.115606298064600e-04  2.345875022619936e-05  1.244446834401361e-04 
 2.280829497854017e-05  2.280829497854017e-05  1.466271911395111e-04  3.818036276923079e-05 
 4.086262373442708e-05  4.086262373442708e-05  1.975093797731458e-05  3.029017035433408e-02 
 2.624299109483879e-05  2.624299109483879e-05  7.962858990618148e-05  2.118166028719211e-05 
 2.895980169015215e-04  2.895980169015215e-04  3.147600264954836e-05  5.292830857310305e-05 
 2.006631162197865e-05  2.006631162197865e-05  1.206359857654832e-03  2.465543095699396e-05 
 9.896384244937268e-05  9.896384244937268e-05  2.193954502023498e-05  1.966986633729502e-04 
 3.462353714478440e-05  3.462353714478440e-05  4.591024747423779e-05  1.983476104934234e-05 
 4.046094940818183e-03  4.046094940818183e-03  2.766256115849852e-05  6.890006995395185e-05 
 2.072939031926428e-05  2.072939031926428e-05  4.127066876776266e-04  2.951480228392970e-05 
 5.958619166455701e-05  5.958619166455701e-05  2.033330917839852e-05  6.741606675715499e-04 
 2.365979368802508e-05  2.365979368802508e-05  1.190771004598618e-04  2.263692417691780e-05 
 1.541282652727628e-04  1.541282652727628e-04  3.647300796836789e-05  4.301781984257157e-05 
 1.977045437989326e-05  1.977045437989326e-05  1.203189847779800e-02  2.716530364689954e-05 
 7.219146436412886e-05  7.219146436412886e-05  2.086970182172562e-05  3.639856346175968e-04 
 3.013495051182238e-05  3.013495051182238e-05  5.720936290522985e-05  2.023515049246316e-05 
 8.033703081975564e-04  8.033703081975564e-04  2.397474046842758e-05  1.116925382739447e-04 
 2.239132154776664e-05  2.239132154776664e-05  1.665679591598375e-04  3.521747563310610e-05 
 4.490603376079471e-05  4.490603376079471e-05  1.980956439884101e-05  5.464009038574440e-03 
 2.639032648639676e-05  2.639032648639676e-05  7.830213758507075e-05  2.112669608345274e-05 
 3.002789467902159e-04  3.002789467902159e-04  3.124266235529018e-05  5.360148197894120e-05 
 2.009194489801654e-05  2.009194489801654e-05  1.120423413505869e-03  2.442074804906302e-05 
 1.029343573766687e-04  1.029343573766687e-04  2.208445714291506e-05  1.857699901750056e-04 
 3.270624494111179e-05  3.270624494111179e-05  4.977968625559511e-05  1.832482820013657e-03 
 2.514936056600602e-05  2.514936056600602e-05  9.173240138754973e-05  2.166612131400504e-05 
 2.217930665997908e-04  2.217930665997908e-04  3.349849821318471e-05  4.805005291520563e-05 
 1.989653305528062e-05  1.989653305528062e-05  2.477159209187208e-03  2.554232612926543e-05 
 1.332515297388522e-04  1.332515297388522e-04  2.147493821312300e-05  2.440329773785102e-04 
 2.307720029276495e-05  2.307720029276495e-05  1.364088464187229e-04  3.966832107063411e-05 
 6.489205335450522e-05  6.489205335450522e-05  2.055797118715699e-05  5.456222215486296e-04 
 2.873595395250544e-05  2.873595395250544e-05  6.303538420333350e-05  2.047881806572697e-05 
 2.317007853353243e-05  2.317007853353243e-05  4.948581520566170e-04  1.973979727998998e-05 
 3.747802433044365e-05  3.747802433044365e-05  2.239132154776663e-05  4.169896047603500e-05 
 1.973701341493845e-05  1.973701341493845e-05  2.836597087254225e-05  8.685822933652236e-05 
-4.812150084654085e-01  5.301789318927652e-01 -2.784692688342655e-01  1.995291227275727e-05 
 1.600731615280626e-05  1.600731615280626e-05  3.789813465862644e-05  1.176021781500290e-05 
 2.614025512717991e-04  2.614025512717991e-04  1.656122196413695e-05  3.511736640154301e-05 
 1.164172769542818e-05  1.164172769542818e-05  3.378318714982535e-04  1.478920349590386e-05 
 4.707862182314755e-05  4.707862182314755e-05  1.214623227034844e-05  1.531886387167595e-04 
 1.823727390438047e-05  1.823727390438047e-05  2.938998086474750e-05  1.141221343969169e-05 
 8.113376345701219e-04  8.113376345701219e-04  1.417005050288976e-05  5.468491542951884e-05 
 1.244463171531633e-05  1.244463171531633e-05  1.176190622102979e-04  1.947506753921604e-05 
 2.665937727469030e-05  2.665937727469030e-05  1.132263806201390e-05  1.854233493479463e-03 
 1.585789836466854e-05  1.585789836466854e-05  3.876284699548215e-05  1.179721950737515e-05 
 2.443661599237803e-04  2.443661599237803e-04  1.672878322714238e-05  3.438701261877723e-05 
 1.161095813778043e-05  1.161095813778043e-05  3.659761042990552e-04  1.341103184149893e-05 
 6.996686808749680e-05  6.996686808749680e-05  2.164237811726447e-05  8.489039266409030e-05 
 1.297386035642341e-05  1.297386035642341e-05  2.344538669729700e-05  1.125808044440027e-05 
 3.058762048967717e-02  3.058762048967717e-02  1.529662177175427e-05  4.258210086668208e-05 
 1.195969218429912e-05  1.195969218429912e-05  1.907026975114713e-04  1.744384681926362e-05 
 3.171466683751685e-05  3.171466683751685e-05  1.150120476440446e-05  5.234117963361767e-04 
 1.377104763816743e-05  1.377104763816743e-05  6.156937640948167e-05  2.049850664283558e-05 
 9.917829357993695e-05  9.917829357993695e-05  1.269436573130056e-05  2.495388784814670e-05 
 1.128073906000573e-05  1.128073906000573e-05  4.733591483226631e-03  1.472929706097260e-05 
 4.769614562241533e-05  4.769614562241533e-05  1.217130931666850e-05  1.493088361615890e-04 
 1.834244772485486e-05  1.834244772485486e-05  2.912089280355293e-05  1.140251688676095e-05 
 8.635454263554367e-04  8.635454263554367e-04  1.422284493653775e-05  7.753723527888383e-05 
 1.241540533196742e-05  1.241540533196742e-05  1.202955132410253e-04  1.935482895991316e-05 
 2.688803431678970e-05  2.688803431678970e-05  1.132924105008954e-05  1.692672239585455e-03 
 1.593213386498020e-05  1.593213386498020e-05  3.832632621326318e-05  1.177854113326741e-05 
 2.526657274179814e-04  2.526657274179814e-04  1.664446624254646e-05  3.474885193257937e-05 
 1.162617392920890e-05  1.162617392920890e-05  3.514770493913438e-04  1.336860687075897e-05 
 7.114476863340147e-05  7.114476863340147e-05  2.179468728165670e-05  8.333391500929092e-05 
 1.301100040390413e-05  1.301100040390413e-05  2.326922570593861e-05  1.125659187438529e-05 
 4.795695325211718e-02  4.795695325211718e-02  1.491130494071500e-05  4.588261871294135e-05 
 1.209726813229110e-05  1.209726813229110e-05  1.614292228869728e-04  2.258997649596865e-05 
 2.994186199706476e-05  2.994186199706476e-05  1.143255125189750e-05  7.202466270082343e-04 
 1.406645213530672e-05  1.406645213530672e-05  5.628467476910385e-05  1.250438883695502e-05 
 1.125361237829927e-04  1.125361237829927e-04  1.972050316372307e-05  2.621279248556386e-05 
 1.131034618179283e-05  1.131034618179283e-05  2.255701915032775e-03  1.571221711924539e-05 
 3.966173995021904e-05  3.966173995021904e-05  1.183564993446971e-05  2.289663186518666e-04 
 1.690069712864200e-05  1.690069712864200e-05  3.368273510251174e-05  1.158153376862720e-05 
 3.978348713690682e-04  3.978348713690682e-04  1.349756347398580e-05  6.770246240955753e-05 
 2.134419429983510e-05  2.134419429983510e-05  8.814419124219869e-05  1.290107674766919e-05 
 2.380566410244859e-05  2.380566410244859e-05  1.126195195500871e-05  1.579464016739197e-02 
 1.510032317229870e-05  1.510032317229870e-05  4.418091212159255e-05  1.202675388009056e-05 
 1.751313261802967e-04  1.751313261802967e-04  1.773169094707218e-05  3.080548009732624e-05 
 1.146543650213933e-05  1.146543650213933e-05  6.100184333639655e-04  1.391591825161792e-05 
 5.883112471941238e-05  5.883112471941238e-05  2.010146854719799e-05  1.055283597890079e-04 
 1.259734103298243e-05  1.259734103298243e-05  2.556868055391542e-05  1.129418401457187e-05 
 3.156635570486907e-03  3.156635570486907e-03  1.550048595731873e-05  4.107813526608061e-05 
 1.189601289640750e-05  1.189601289640750e-05  2.084993540466272e-04  1.716700765024288e-05 
 3.267259844321886e-05  3.267259844321886e-05  1.153989113800747e-05  4.541274909378142e-04 
 1.363165472494421e-05  1.363165472494421e-05  6.451907779548606e-05  2.091245157309770e-05 
 9.340622926448978e-05  9.340622926448978e-05  1.279557246148583e-05  2.436673528472001e-05 
 1.126999845888109e-05  1.126999845888109e-05  7.889216040604656e-03  1.455404381874381e-05 
 4.963140982765490e-05  4.963140982765490e-05  1.224895620845331e-05  1.385358654827543e-04 
 1.866646795240461e-05  1.866646795240461e-05  2.833988485844223e-05  1.137530418490443e-05 
 1.054613815585894e-03  1.054613815585894e-03  1.438530296469295e-05  5.169945556430445e-05 
 1.233029216675680e-05  1.233029216675680e-05  1.289178502619936e-04  1.900371311147959e-05 
 2.759636083160872e-05  2.759636083160872e-05  1.135088676871125e-05  1.317338750583657e-03 
 1.616057314637241e-05  1.616057314637241e-05  3.706591572643729e-05  1.172462810473553e-05 
 2.803158681372076e-04  2.803158681372076e-04  1.639789147626292e-05  3.587507396082387e-05 
 1.167385610809828e-05  1.167385610809828e-05  3.128462938650204e-04  1.332673474244435e-05 
 7.235459835995262e-05  7.235459835995262e-05  2.194919244345535e-05  8.182200290157986e-05 
 1.304864570424868e-05  1.304864570424868e-05  2.309565119543188e-05  1.125540120732170e-05 
 8.845000545044711e-02  8.845000545044711e-02  2.242628328981267e-05  4.363695671539569e-05 
 1.200401991362839e-05  1.200401991362839e-05  1.800980852637844e-04  1.763448954796215e-05 
 3.110332783872422e-05  3.110332783872422e-05  1.147703725010069e-05  5.788867192184321e-04 
 1.386700816079047e-05  1.386700816079047e-05  5.972164278523250e-05  2.023198865219280e-05 
 1.033427954039672e-04  1.033427954039672e-04  1.262922481020060e-05  2.536057747231429e-05 
 1.128940113938001e-05  1.128940113938001e-05  3.580646960510631e-03  1.543167234767313e-05 
 4.156938274212985e-05  4.156938274212985e-05  1.191686766372210e-05  2.022945120649349e-04 
 1.725809458180531e-05  1.725809458180531e-05  3.234766438663080e-05  1.152666915441514e-05 
 4.755962958835050e-04  4.755962958835050e-04  1.367752145293528e-05  6.351103463679089e-05 
 2.077253761365859e-05  2.077253761365859e-05  9.527044153950406e-05  1.276136520993224e-05 
 2.455948025862156e-05  2.455948025862156e-05  1.127327886194721e-05  6.553817752297869e-03 
 1.484986963333106e-05  1.484986963333106e-05  4.647423510029816e-05  1.212155284783686e-05 
 1.572258904711372e-04  1.572258904711372e-04  1.813348023763176e-05  2.966360411138171e-05 
 1.142222453405741e-05  1.142222453405741e-05  7.637478078124911e-04  1.411792211531541e-05 
 5.547541238760331e-05  5.547541238760331e-05  1.247429166976360e-05  1.150339679525523e-04 
 1.959694989813570e-05  1.959694989813570e-05  2.643432077834125e-05  1.131633999659552e-05 
 2.040183723011273e-03  2.040183723011273e-03  1.578459694098912e-05  3.920791119231917e-05 
 1.181625505378031e-05  1.181625505378031e-05  2.364751507216196e-04  1.681418829619882e-05 
 3.403169121417283e-05  3.403169121417283e-05  1.159607863336084e-05  3.814018115789995e-04 
 1.345401542014779e-05  1.345401542014779e-05  6.881978672450437e-05  2.149222636336166e-05 
 8.649320045583506e-05  8.649320045583506e-05  1.293722072264543e-05  2.362418287046820e-05 
 1.125986707490148e-05  1.125986707490148e-05  2.134949287764979e-02  1.461172627281701e-05 
 4.897213846813311e-05  4.897213846813311e-05  1.222266822783875e-05  1.419897791275229e-04 
 1.855702251366148e-05  1.855702251366148e-05  2.859593772852317e-05  1.138406325352570e-05 
 9.843935569915276e-04  9.843935569915276e-04  1.433046318198731e-05  5.242040167807823e-05 
 1.235823903784713e-05  1.235823903784713e-05  1.259401529785790e-04  1.911917747340534e-05 
 2.735644891100478e-05  2.735644891100478e-05  1.134336464822750e-05  1.427175631491617e-03 
 1.608345818034466e-05  1.608345818034466e-05  3.747806484295969e-05  1.174224748113890e-05 
 2.706078950567798e-04  2.706078950567798e-04  1.647903530763318e-05  3.549271807070667e-05 
 1.165762116508348e-05  1.165762116508348e-05  3.249748039412841e-04  1.503652180333726e-05 
 4.473629315551689e-05  4.473629315551689e-05  1.204987142915154e-05  1.703717056055993e-04 
 1.783017103539691e-05  1.783017103539691e-05  3.051269343034027e-05  1.145415606439018e-05 
 6.437497486737541e-04  6.437497486737541e-04  1.396545751179554e-05  5.796189963749074e-05 
 1.316466280803399e-05  1.316466280803399e-05  1.077868852578087e-04  1.997273386666244e-05 
 2.578004024556709e-05  2.578004024556709e-05  1.129926878064716e-05  2.803953643433143e-03 
 1.557017353383112e-05  1.557017353383112e-05  4.059661218218385e-05  1.187552657752895e-05 
 2.149999444036161e-04  2.149999444036161e-04  1.707709034386954e-05  3.300333047357627e-05 
 1.155344156887054e-05  1.155344156887054e-05  4.340919956044566e-04  1.358637699630740e-05 
 6.555306111237086e-05  6.555306111237086e-05  2.105434255981501e-05  9.159860706318784e-05 
 1.283025716751438e-05  1.283025716751438e-05  2.417688733639494e-05  1.126701737870718e-05 
 9.683536595692507e-03  9.683536595692507e-03  1.467014103056028e-05  4.832718653340436e-05 
 1.219678695943137e-05  1.219678695943137e-05  1.455784050258877e-04  1.844902325910950e-05 
 2.885624315246456e-05  2.885624315246456e-05  1.139313382856992e-05  9.209890926303439e-04 
 1.427631319141922e-05  1.427631319141922e-05  5.315795032166308e-05  1.238660894343850e-05 
 1.230676723146223e-04  1.230676723146223e-04  1.923620760429841e-05  2.712036613576856e-05 
 1.133614966600160e-05  1.133614966600160e-05  1.551408628787088e-03  1.328540979108723e-05 
 7.359751773940169e-05  7.359751773940169e-05  2.210593308018542e-05  8.035297502050581e-05 
 1.308680118229863e-05  1.308680118229863e-05  2.292461560792522e-05  1.125450831722407e-05 
 4.373913190741723e-01  4.373913190741723e-01  1.497351905843978e-05  4.530341866050809e-05 
 1.207337526190177e-05  1.207337526190177e-05  1.658078672895900e-04  1.792994929404583e-05 
 3.022485674292436e-05  3.022485674292436e-05  1.144319471084591e-05  6.803785389246511e-04 
 1.401563305842785e-05  1.401563305842785e-05  5.711329758029855e-05  1.253492692489722e-05 
 1.101216512864517e-04  1.101216512864517e-04  1.984575504873599e-05  2.599472188592863e-05 
 1.130465597854909e-05  1.130465597854909e-05  2.507421969626440e-03  1.564074665592618e-05 
 4.012456164796548e-05  4.012456164796548e-05  1.185540635749683e-05  2.218153785285643e-04 
 1.698832571088872e-05  1.698832571088872e-05  3.333999613481810e-05  1.156732193632208e-05 
 4.153649675478515e-04  4.153649675478515e-04  1.354168197391180e-05  6.661387841532113e-05 
 1.286542375946459e-05  1.286542375946459e-05  8.984531150069296e-05  2.119824505031267e-05 
 2.398988148030960e-05  2.398988148030960e-05  1.126433530546915e-05  1.217716376123298e-02 
 1.523036269257797e-05  1.523036269257797e-05  4.310411887116799e-05  1.198166688084192e-05 
 1.852841748336125e-04  1.852841748336125e-04  1.753854774401448e-05  3.140635091038500e-05 
 1.148895957096560e-05  1.148895957096560e-05  5.500940679554917e-04  1.381872024654742e-05 
 6.063415126247670e-05  6.063415126247670e-05  1.266156502446831e-05  1.012270871521416e-04 
 2.036432439208480e-05  2.036432439208480e-05  2.515566728438978e-05  1.128491964657778e-05 
 4.096688269721092e-03  4.096688269721092e-03  1.536372133858661e-05  4.207061490945199e-05 
 1.193809327739822e-05  1.193809327739822e-05  1.963677494349785e-04  1.735036842710498e-05 
 7.618753657549650e-05  7.618753657549650e-05  1.151377416737087e-05  4.986385122043273e-04 
 1.372398358473200e-05  1.372398358473200e-05  6.252807475735563e-05  2.063456696338738e-05 
 9.719362650679279e-05  9.719362650679279e-05  1.272763105902277e-05  2.475517854970567e-05 
 1.127685893573104e-05  1.127685893573104e-05  5.532501413011344e-03  1.449708485899460e-05 
 5.030542414613599e-05  5.030542414613599e-05  1.227565404601038e-05  1.352100092283180e-04 
 1.877738250783902e-05  1.877738250783902e-05  2.808799529896968e-05  1.125361552156950e-05 
 1.132664013632270e-03  1.132664013632270e-03  1.444084074075462e-05  5.099462076859228e-05 
 1.230276494424812e-05  1.230276494424812e-05  1.320059615404928e-04  1.888978959262602e-05 
 2.784018216018511e-05  2.784018216018511e-05  1.135871683303965e-05  1.219754406562767e-03 
 1.623867450164666e-05  1.623867450164666e-05  3.666149247917418e-05  1.170735770285956e-05 
 2.905637423560304e-04  2.905637423560304e-04  1.631777595444686e-05  3.626460625263859e-05 
 1.169043433610045e-05  1.169043433610045e-05  3.013923106230154e-04  1.324462644949469e-05 
 7.487474049796412e-05  7.487474049796412e-05  1.312547185002898e-05  7.892522864376976e-05 
 2.226494958455251e-05  2.226494958455251e-05  2.275607249682369e-05  1.320437924704697e-05 
 1.125391310962814e-05  1.125391310962814e-05  5.391261160779568e-05  1.803104560040746e-05 
 3.202839652739475e-05  3.202839652739475e-05  1.136685568062644e-05  1.516493334597647e-05 
-4.818403929663957e-01  5.275269470474901e-01 -2.765831346800129e-01  1.256590970897345e-05 
 9.424530299225839e-06  9.424530299225839e-06  2.740164672768107e-05  7.488940895468691e-06 
 1.102534581953195e-04  1.102534581953195e-04  1.102634057578270e-05  1.926473425355941e-05 
 7.147197253200072e-06  7.147197253200072e-06  3.724043432588201e-04  8.659989624243919e-06 
 3.686410180990947e-05  3.686410180990947e-05  7.857245209308583e-06  6.523509918627370e-05 
 1.255615654883262e-05  1.255615654883262e-05  1.588359604731319e-05  7.036658366237111e-06 
 2.052043304059145e-03  2.052043304059145e-03  9.642698637464060e-06  2.571035636047781e-05 
 7.417659292613694e-06  7.417659292613694e-06  1.284220868842330e-04  1.071848069693384e-05 
 2.028256202713734e-05  2.028256202713734e-05  7.187790979584099e-06  2.877336130717776e-04 
 8.505007699507028e-06  8.505007699507028e-06  3.996410947364559e-05  7.965322852972408e-06 
 5.863021782710567e-05  5.863021782710567e-05  1.299828670399323e-05  1.522834337981674e-05 
 7.023472035876630e-06  7.023472035876630e-06  4.535285835846084e-03  9.109562176501133e-06 
 3.046413863969408e-05  3.046413863969408e-05  7.614330500561747e-06  8.873956743525867e-05 
 1.155496248069818e-05  1.155496248069818e-05  1.783887791846176e-05  7.094500009878980e-06 
 6.075417650762071e-04  6.075417650762071e-04  8.925535090890181e-06  3.272022192583396e-05 
 7.703033039960452e-06  7.703033039960452e-06  7.823963064987928e-05  1.192277230895466e-05 
 1.702790510585096e-05  1.702790510585096e-05  7.067871322823550e-06  8.969245373122601e-04 
 9.945308263720894e-06  9.945308263720894e-06  2.378103428867310e-05  7.335305957929922e-06 
 1.594063758909875e-04  1.594063758909875e-04  1.035214818451454e-05  2.173821714106587e-05 
 7.248279301229503e-06  7.248279301229503e-06  2.156817367935577e-04  8.320597567228857e-06 
 4.460986800419973e-05  4.460986800419973e-05  8.116348678748976e-06  5.156731582509945e-05 
 1.361679506001411e-05  1.361679506001411e-05  1.445890705507878e-05  7.014073395045791e-06 
 3.384666018852259e-02  3.384666018852259e-02  9.394525037754923e-06  2.765848988591626e-05 
 7.499654928040311e-06  7.499654928040311e-06  1.079823578002340e-04  1.107206392439527e-05 
 1.912673336942959e-05  1.912673336942959e-05  7.141850638678135e-06  3.875205260640505e-04 
 8.682993895994102e-06  8.682993895994102e-06  3.645299141779244e-05  7.842450532755250e-06 
 6.627311046275929e-05  6.627311046275929e-05  1.249557916562789e-05  1.598160519860526e-05 
 7.038964125859884e-06  7.038964125859884e-06  1.873107502949948e-03  9.675061436399108e-06 
 2.548308026003792e-05  2.548308026003792e-05  7.407999197509417e-06  1.313883538040675e-04 
 1.067618675952513e-05  1.067618675952513e-05  2.043575620214235e-05  7.194046849996562e-06 
 2.780544095910749e-04  2.780544095910749e-04  8.483710306801624e-06  4.044115473807141e-05 
 7.981420645039145e-06  7.981420645039145e-06  5.777253703291049e-05  1.306413291325268e-05 
 1.513894854019653e-05  1.513894854019653e-05  7.022008922616841e-06  5.240459087540048e-03 
 9.136861705057978e-06  9.136861705057978e-06  3.016275443005654e-05  7.602235080883660e-06 
 9.041609617103816e-05  9.041609617103816e-05  1.150449067428142e-05  1.796052437382404e-05 
 7.098739085436498e-06  7.098739085436498e-06  5.779846894844318e-04  8.900228634051893e-06 
 3.306487250631216e-05  3.306487250631216e-05  7.716291500093151e-06  7.689760043280632e-05 
 1.197746445937898e-05  1.197746445937898e-05  1.691757798942680e-05  7.064499446328486e-06 
 9.547542710289502e-04  9.547542710289502e-04  9.980555355191011e-06  2.358189371827624e-05 
 7.326784011426801e-06  7.326784011426801e-06  1.635400580394388e-04  1.031336926173970e-05 
 2.191122076129449e-05  2.191122076129449e-05  7.255587863159579e-06  2.094051260714662e-04 
 8.301093172134593e-06  8.301093172134593e-06  4.517899633014840e-05  8.134001282398813e-06 
 5.086594851956443e-05  5.086594851956443e-05  1.368925946736820e-05  1.437808934656440e-05 
 7.013551740168339e-06  7.013551740168339e-06  5.309548775884916e-02  9.306191466070721e-06 
 2.845363275305353e-05  2.845363275305353e-05  7.532608693035782e-06  1.015836123115313e-04 
 1.121195892954988e-05  1.121195892954988e-05  1.872316948027018e-05  7.126482171834626e-06 
 4.388753017599445e-04  4.388753017599445e-04  8.753342979451449e-06  3.526320247301033e-05 
 7.799010835765967e-06  7.799010835765967e-06  6.954658249110319e-05  1.231754738078259e-05 
 1.628260146269518e-05  1.628260146269518e-05  7.046517296397387e-06  1.457395414152758e-03 
 9.774009122807200e-06  9.774009122807200e-06  2.482123794010711e-05  7.379789457722562e-06 
 1.409439440250806e-04  1.409439440250806e-04  1.055173350465067e-05  2.090778113797154e-05 
 7.213507947158699e-06  7.213507947158699e-06  2.517983046072635e-04  8.421045241734207e-06 
 4.192848134881491e-05  4.192848134881491e-05  8.030726287916023e-06  5.531431781573825e-05 
 1.326589267803578e-05  1.326589267803578e-05  1.487675533854950e-05  7.018248497076853e-06 
 8.733648997914191e-03  8.733648997914191e-03  9.220326397150871e-06  2.928754220265754e-05 
 7.566795273366460e-06  7.566795273366460e-06  9.574970671145630e-05  1.135605194948773e-05 
 1.833467341704450e-05  1.833467341704450e-05  7.112114277475893e-06  5.012347126591055e-04 
 8.825736722735635e-06  8.825736722735635e-06  3.413522445531673e-05  7.756966559260645e-06 
 7.307875910380890e-05  7.307875910380890e-05  1.214490770855119e-05  1.659442445161624e-05 
 7.055027538299773e-06  7.055027538299773e-06  1.166393831977456e-03  9.875811321664285e-06 
 2.418804531634024e-05  2.418804531634024e-05  7.352722926293595e-06  1.516023652644811e-04 
 1.043083198433038e-05  1.043083198433038e-05  2.139924940820488e-05  7.234017791561673e-06 
 2.291227731354764e-04  2.291227731354764e-04  8.360186930289139e-06  4.350532812621183e-05 
 8.081575396659206e-06  8.081575396659206e-06  5.301667484223810e-05  1.347418043549276e-05 
 1.462325578245274e-05  1.462325578245274e-05  7.015429939863524e-06  1.748096805905060e-02 
 9.485398078247999e-06  9.485398078247999e-06  2.689976960076112e-05  7.467914429354737e-06 
 1.150212454457671e-04  1.150212454457671e-04  1.093622582312162e-05  1.954613216986477e-05 
 7.158228122425112e-06  7.158228122425112e-06  3.447249719200996e-04  8.614638050717112e-06 
 3.770916369500937e-05  3.770916369500937e-05  7.887312935767246e-06  6.323371150725591e-05 
 1.267920844204921e-05  1.267920844204921e-05  1.569095990044847e-05  7.032363955608144e-06 
 2.496670208898086e-03  2.496670208898086e-03  9.578884526772516e-06  2.617530288189998e-05 
 7.437368485326816e-06  7.437368485326816e-06  1.227885606090134e-04  1.080430975306921e-05 
 1.998218285085037e-05  1.998218285085037e-05  7.175623651695989e-06  3.086867431773029e-04 
 8.548226022110367e-06  8.548226022110367e-06  3.903672312852302e-05  7.933626450915869e-06 
 6.040661827882836e-05  6.040661827882836e-05  1.286865085184193e-05  1.541021602571180e-05 
 7.026713233571299e-06  7.026713233571299e-06  3.494374765484503e-03  9.055731978032056e-06 
 3.108201704333046e-05  3.108201704333046e-05  7.638949417061295e-06  8.552720040932916e-05 
 1.165742973626012e-05  1.165742973626012e-05  1.760004451998324e-05  7.086349290570658e-06 
 6.739219245336493e-04  6.739219245336493e-04  8.976874399275096e-06  3.204831056133138e-05 
 7.676960501198309e-06  7.676960501198309e-06  8.103494999506784e-05  1.181503109690923e-05 
 1.725259596822481e-05  1.725259596822481e-05  7.074938144214709e-06  7.960233547713220e-04 
 1.008833230852205e-05  1.008833230852205e-05  2.300128625092904e-05  8.224976459901114e-06 
 4.820588347742985e-05  4.820588347742985e-05  7.301957849656692e-06  1.921523994629930e-04 
 8.206415323688592e-06  8.206415323688592e-06  4.884990217538390e-05  7.293927274451325e-06 
 1.818219034284147e-04  1.818219034284147e-04  1.001613940525436e-05  2.338559054118935e-05 
 7.318385698315535e-06  7.318385698315535e-06  1.678391919411957e-04  1.027496037654545e-05 
 2.208662777966042e-05  2.208662777966042e-05  7.263015569944365e-06  2.034015926874114e-04 
 8.281780317776143e-06  8.281780317776143e-06  4.575977131149634e-05  8.151832922487689e-06 
 5.017953540470790e-05  5.017953540470790e-05  1.376250912721012e-05  1.429815943169003e-05 
 7.013134453511222e-06  7.013134453511222e-06  9.863458789677092e-02  9.335358267069314e-06 
 2.818439726704734e-05  2.818439726704734e-05  7.521488108109840e-06  1.036502895079875e-04 
 1.116486791552647e-05  1.116486791552647e-05  1.885597967853710e-05  7.131493414295281e-06 
 4.206710057197845e-04  4.206710057197845e-04  8.729668681965040e-06  3.565271348150951e-05 
 7.813334363237862e-06  7.813334363237862e-06  6.842796024720670e-05  1.237628224798166e-05 
 1.618109045859708e-05  1.618109045859708e-05  7.043893443390942e-06  1.579050760564910e-03 
 9.740713599873446e-06  9.740713599873446e-06  2.503858589725308e-05  7.389064889851685e-06 
 1.376440157483647e-04  1.376440157483647e-04  1.059281756516055e-05  2.074832944504534e-05 
 7.206904935889323e-06  7.206904935889323e-06  2.601172612570345e-04  8.441730714181113e-06 
 4.142309945605709e-05  4.142309945605709e-05  8.014121184675913e-06  5.611516314797196e-05 
 1.319792671041367e-05  1.319792671041367e-05  1.496316874127140e-05  7.019397231048161e-06 
 7.255532273156518e-03  7.255532273156518e-03  9.192241409468670e-06  2.957455927606551e-05 
 7.578468261718719e-06  7.578468261718719e-06  9.391916210888234e-05  1.140504117861420e-05 
 1.820839728313228e-05  1.820839728313228e-05  7.107545952160669e-06  5.250170076622848e-04 
 8.850331525848772e-06  8.850331525848772e-06  3.377223384076884e-05  7.743257334454566e-06 
 7.431836783553323e-05  7.431836783553323e-05  1.208852530687037e-05  1.670085762142001e-05 
 7.058077747098662e-06  7.058077747098662e-06  1.088614069368451e-03  9.910394710130371e-06 
 2.398306635375498e-05  2.398306635375498e-05  7.343952079411325e-06  1.554297640552218e-04 
 1.039130109088272e-05  1.039130109088272e-05  2.156757400758565e-05  7.241089427039511e-06 
 2.222482418143104e-04  2.222482418143104e-04  8.340294985828006e-06  4.405207799932640e-05 
 8.098873811261812e-06  8.098873811261812e-06  5.228407376736061e-05  1.354510546898927e-05 
 1.454062498385185e-05  1.454062498385185e-05  7.014699449189572e-06  2.362579013445560e-02 
 9.454820400086488e-06  9.454820400086488e-06  2.714876672279823e-05  7.478360960215080e-06 
 1.125986679177367e-04  1.125986679177367e-04  1.098106287334698e-05  1.940452377305679e-05 
 7.152656302999267e-06  7.152656302999267e-06  3.581611469794456e-04  8.637204952514592e-06 
 3.728276419480626e-05  3.728276419480626e-05  7.872198993008205e-06  6.422223440066105e-05 
 1.261736364623641e-05  1.261736364623641e-05  1.578671982882791e-05  7.034458353333676e-06 
 2.257986298037356e-03  2.257986298037356e-03  9.610640658924360e-06  2.594107424171062e-05 
 7.427448844037236e-06  7.427448844037236e-06  1.255570055700104e-04  1.076118683914733e-05 
 2.013138237166348e-05  2.013138237166348e-05  7.181650039761367e-06  2.979317966027285e-04 
 8.526512374303131e-06  8.526512374303131e-06  3.949603987139863e-05  7.949391834744257e-06 
 5.950803356310179e-05  5.950803356310179e-05  1.293312895480189e-05  1.531876091272810e-05 
 7.025040108350987e-06  7.025040108350987e-06  3.963892499604444e-03  9.082519709520389e-06 
 3.077052274723152e-05  3.077052274723152e-05  7.626568338349316e-06  8.711052734871333e-05 
 1.160594016906536e-05  1.160594016906536e-05  1.771872583851740e-05  7.090370161563090e-06 
 6.394364143268382e-04  6.394364143268382e-04  8.951082963885934e-06  3.238141137878701e-05 
 7.689923005043256e-06  7.689923005043256e-06  7.961829897356719e-05  1.186863005026383e-05 
 1.713957077939654e-05  1.713957077939654e-05  7.071350818935190e-06  8.442096404650890e-04 
 9.807621784282324e-06  9.807621784282324e-06  2.460707228011666e-05  7.370641042590103e-06 
 1.443661687968900e-04  1.443661687968900e-04  1.051104403962402e-05  2.106939264226245e-05 
 7.220227480702016e-06  7.220227480702016e-06  2.438757843488347e-04  8.400560505732330e-06 
 4.244380437361927e-05  4.244380437361927e-05  8.047502876715724e-06  5.453130094087188e-05 
 1.333458387130223e-05  1.333458387130223e-05  1.479130773101064e-05  7.017204410975550e-06 
 1.071946194876557e-02  1.071946194876557e-02  9.364801915022490e-06  2.791937855938592e-05 
 7.510503761089103e-06  7.510503761089103e-06  1.057822780415267e-04  1.111823798878415e-05 
 1.899049150967223e-05  1.899049150967223e-05  7.136616132338011e-06  4.035825432794318e-04 
 8.706219622195902e-06  8.706219622195902e-06  3.604925340700941e-05  7.827813925428142e-06 
 6.733710636335322e-05  6.733710636335322e-05  1.243562364150667e-05  1.608076424160042e-05 
 7.041375770132268e-06  7.041375770132268e-06  1.716649095162840e-03  9.707732071282728e-06 
 2.525917865380326e-05  2.525917865380326e-05  7.398467934751240e-06  1.344606265178859e-04 
 1.063430052697635e-05  1.063430052697635e-05  2.059100003652240e-05  7.200418037414689e-06 
 2.688595553480670e-04  2.688595553480670e-04  8.462618527366201e-06  4.092740561044758e-05 
 7.997686365592603e-06  7.997686365592603e-06  5.693438116534299e-05  1.313067654444269e-05 
 1.505056177777084e-05  1.505056177777084e-05  7.020650681328996e-06  6.124935491680975e-03 
 9.164420652826845e-06  9.164420652826845e-06  2.986626279353718e-05  7.590281267948634e-06 
 9.214197612527153e-05  9.214197612527153e-05  1.145451884503469e-05  1.808368929951750e-05 
 7.103087644989480e-06  7.103087644989480e-06  5.505421255374148e-04  8.875161475605994e-06 
 3.341549716964729e-05  3.341549716964729e-05  7.729699291932438e-06  7.559092272330244e-05 
 1.203271319270989e-05  1.203271319270989e-05  1.680856887907225e-05  7.061234986527066e-06 
 1.018383170933995e-03  1.018383170933995e-03  1.005206388336622e-05  2.319207192099380e-05 
 7.310110485771139e-06  7.310110485771139e-06  1.723127257445935e-04  1.023691763943998e-05 
 2.226448209267608e-05  2.226448209267608e-05  7.270562886846961e-06  1.976555218936165e-04 
 8.262657540716535e-06  8.262657540716535e-06  4.635251184457452e-05  8.169844916506278e-06 
 4.950765540601121e-05  4.950765540601121e-05  1.383655465671777e-05  1.421910510211741e-05 
 7.012821510242340e-06  7.012821510242340e-06  4.174349847879382e-01  9.277298919789298e-06 
 2.872717405739712e-05  2.872717405739712e-05  7.543866250343397e-06  9.957960702082497e-05 
 1.125951633553438e-05  1.125951633553438e-05  1.859203310430420e-05  1.406357542970177e-05 
 4.582947701776981e-04  4.582947701776981e-04  8.777244444194740e-06  3.488055616105321e-05 
 7.784842346107930e-06  7.784842346107930e-06  7.069392238841146e-05  1.225941155749875e-05 
 1.638531520539417e-05  1.638531520539417e-05  7.049247486357106e-06  1.349309461343145e-03 
 9.248678071037646e-06  9.248678071037646e-06  2.900511258918527e-05  7.555261525158872e-06 
 9.763576622990432e-05  9.763576622990432e-05  1.130754551934383e-05  1.846254331087428e-05 
 7.116792898399194e-06  7.116792898399194e-06  4.790400600574287e-04  8.801375031485933e-06 
 3.450461510038355e-05  3.450461510038355e-05  7.770827910718662e-06  7.187097016267397e-05 
 1.220186741527372e-05  1.220186741527372e-05  1.648924998439550e-05  7.052084176939704e-06 
 1.252845550129878e-03  1.252845550129878e-03  9.841554772757702e-06  2.439602791841116e-05 
 7.361619057911615e-06  7.361619057911615e-06  1.479168075682302e-04  1.047074492678852e-05 
 2.123320232345204e-05  2.123320232345204e-05  7.227063953794190e-06  2.363249031804252e-04 
 8.380274922817701e-06  8.380274922817701e-06  4.296932994262993e-05  8.064452168448920e-06 
 5.376558830896030e-05  5.376558830896030e-05  1.340400987450614e-05  1.470681232818826e-05 
 7.016264910554037e-06  7.016264910554037e-06  1.347876820724425e-02  9.516266109459914e-06 
 2.665457711906201e-05  2.665457711906201e-05  7.457600620097956e-06  1.175246303703715e-04 
 1.089182450545619e-05  1.089182450545619e-05  1.968959033304717e-05  7.163913053124914e-06 
 3.320359693420040e-04  3.320359693420040e-04  8.592287112766967e-06  3.814349114826907e-05 
 7.902588103657055e-06  7.902588103657055e-06  6.226875784461276e-05  1.274169905209811e-05 
 1.559629992864930e-05  1.559629992864930e-05  7.030375047891168e-06  2.775439087764784e-03 
 1.016191532854884e-05  1.016191532854884e-05  2.641311300204508e-05  7.447418859692344e-06 
 1.201124556118662e-04  1.201124556118662e-04  1.084785407372615e-05  1.983492981544747e-05 
 7.169711444088845e-06  7.169711444088845e-06  3.200397387360167e-04  8.570150356252733e-06 
 3.858594332057992e-05  3.858594332057992e-05  7.918025577075127e-06  6.132663117922803e-05 
 1.280484372640804e-05  1.280484372640804e-05  1.550272388224180e-05  7.028491511369587e-06 
 3.103823725426801e-03  3.103823725426801e-03  9.029196687040335e-06  3.139873488340271e-05 
 7.651474571083167e-06  7.651474571083167e-06  8.398789334316838e-05  1.170943727295244e-05 
 1.748281081831280e-05  1.748281081831280e-05  7.082437153786832e-06  7.112868624664987e-04 
 9.002911572181313e-06  9.002911572181313e-06  3.172079279034782e-05  7.664144646495121e-06 
 8.249099057631903e-05  8.249099057631903e-05  1.176196896533809e-05  1.736700204729331e-05 
 7.078633514868687e-06  7.078633514868687e-06  7.518611433843110e-04  1.019923721651873e-05 
 2.262771327861438e-05  2.262771327861438e-05  7.286018253179559e-06  1.868787198942572e-04 
 8.243723396599301e-06  8.243723396599301e-06  4.757522060535004e-05  1.391140685783868e-05 
 1.012494825007157e-05  1.012494825007157e-05  2.281318311973796e-05  7.278230287341931e-06 
 1.769702209229436e-04  1.769702209229436e-04  7.012612891740376e-06  2.244482860921202e-05 
 1.414091436323283e-05  1.414091436323283e-05  8.188038599379220e-06  4.695754782485674e-05 
 1.398707672113158e-05  1.398707672113158e-05  7.012508585592429e-06  9.547427307899559e-06 
-4.731838545976697e-01  4.961690318541943e-01 -2.593866464160159e-01  7.121582099368899e-06 